chessboard:
39 37 35 33 32 34 36 38 40 
 0  0  0  0  0  0  0  0  0 
 0 41  0  0  0  0  0 42  0 
43  0 44  0 45  0 46  0 47 
 0  0  0  0  0  0  0  0  0 
 0  0  0  0  0  0  0  0  0 
27  0 28  0 29  0 30  0 31 
 0 25  0  0  0  0  0 26  0 
 0  0  0  0  0  0  0  0  0 
23 21 19 17 16 18 20 22 24 

chess man:
16 17 18 19 20 21 22 23 24 25 26 27 28 29 30 31 32 33 34 35 36 37 38 39 40 41 42 43 44 45 46 47 
 1  1  1  1  1  1  1  1  1  1  1  1  1  1  1  1  1  1  1  1  1  1  1  1  1  1  1  1  1  1  1  1 
chessboard:
39 37 35 33 32 34 36 38 40 
 0  0  0  0  0  0  0  0  0 
 0 41  0  0  0  0  0 42  0 
43  0 44  0 45  0 46  0 47 
 0  0  0  0  0  0  0  0  0 
 0  0  0  0  0  0  0  0  0 
27  0 28  0 29  0 30  0 31 
 0 25  0  0  0  0 26  0  0 
 0  0  0  0  0  0  0  0  0 
23 21 19 17 16 18 20 22 24 

chess man:
16 17 18 19 20 21 22 23 24 25 26 27 28 29 30 31 32 33 34 35 36 37 38 39 40 41 42 43 44 45 46 47 
 1  1  1  1  1  1  1  1  1  1  1  1  1  1  1  1  1  1  1  1  1  1  1  1  1  1  1  1  1  1  1  1 
chessboard:
39 37 35 33 32 34 36 38 40 
 0  0  0  0  0  0  0  0  0 
 0  0  0  0  0  0  0 42  0 
43  0 44  0 45  0 46  0 47 
 0  0  0  0  0  0  0  0  0 
 0  0  0  0  0  0  0  0  0 
27  0 28  0 29  0 30  0 31 
 0 25  0  0  0  0 26  0  0 
 0  0  0  0  0  0  0  0  0 
23 41 19 17 16 18 20 22 24 

chess man:
16 17 18 19 20 21 22 23 24 25 26 27 28 29 30 31 32 33 34 35 36 37 38 39 40 41 42 43 44 45 46 47 
 1  1  1  1  1  0  1  1  1  1  1  1  1  1  1  1  1  1  1  1  1  1  1  1  1  1  1  1  1  1  1  1 
chessboard:
39 37 35 33 32 34 36 38 40 
 0  0  0  0  0  0  0  0  0 
 0 41  0  0  0  0  0 42  0 
43  0 44  0 45  0 46  0 47 
 0  0  0  0  0  0  0  0  0 
 0  0  0  0  0  0  0  0  0 
27  0 28  0 29  0 30  0 31 
 0 25  0  0  0  0  0 26  0 
 0  0  0  0  0  0  0  0  0 
23 21 19 17 16 18 20 22 24 

chess man:
16 17 18 19 20 21 22 23 24 25 26 27 28 29 30 31 32 33 34 35 36 37 38 39 40 41 42 43 44 45 46 47 
 1  1  1  1  1  1  1  1  1  1  1  1  1  1  1  1  1  1  1  1  1  1  1  1  1  1  1  1  1  1  1  1 
chessboard:
39 37 35 33 32 34 36 38 40 
 0  0  0  0  0  0  0  0  0 
 0 41  0  0  0  0  0 42  0 
43  0 44  0 45  0 46  0 47 
 0  0  0  0  0  0  0  0  0 
 0  0  0  0  0  0  0  0  0 
27  0 28  0 29  0 30  0 31 
 0 25  0  0  0  0 26  0  0 
 0  0  0  0  0  0  0  0  0 
23 21 19 17 16 18 20 22 24 

chess man:
16 17 18 19 20 21 22 23 24 25 26 27 28 29 30 31 32 33 34 35 36 37 38 39 40 41 42 43 44 45 46 47 
 1  1  1  1  1  1  1  1  1  1  1  1  1  1  1  1  1  1  1  1  1  1  1  1  1  1  1  1  1  1  1  1 
chessboard:
39 37 35 33 32 34 36 38 40 
 0  0  0  0  0  0  0  0  0 
 0  0  0  0  0  0  0 42  0 
43  0 44  0 45  0 46  0 47 
 0  0  0  0  0  0  0  0  0 
 0  0  0  0  0  0  0  0  0 
27  0 28  0 29  0 30  0 31 
 0 25  0  0  0  0 26  0  0 
 0  0  0  0  0  0  0  0  0 
23 41 19 17 16 18 20 22 24 

chess man:
16 17 18 19 20 21 22 23 24 25 26 27 28 29 30 31 32 33 34 35 36 37 38 39 40 41 42 43 44 45 46 47 
 1  1  1  1  1  0  1  1  1  1  1  1  1  1  1  1  1  1  1  1  1  1  1  1  1  1  1  1  1  1  1  1 
chessboard:
39 37 35 33 32 34 36 38 40 
 0  0  0  0  0  0  0  0  0 
 0 41  0  0  0  0  0 42  0 
43  0 44  0 45  0 46  0 47 
 0  0  0  0  0  0  0  0  0 
 0  0  0  0  0  0  0  0  0 
27  0 28  0 29  0 30  0 31 
 0 25  0  0  0  0  0 26  0 
 0  0  0  0  0  0  0  0  0 
23 21 19 17 16 18 20 22 24 

chess man:
16 17 18 19 20 21 22 23 24 25 26 27 28 29 30 31 32 33 34 35 36 37 38 39 40 41 42 43 44 45 46 47 
 1  1  1  1  1  1  1  1  1  1  1  1  1  1  1  1  1  1  1  1  1  1  1  1  1  1  1  1  1  1  1  1 
chessboard:
39 37 35 33 32 34 36 38 40 
 0  0  0  0  0  0  0  0  0 
 0 41  0  0  0  0  0 42  0 
43  0 44  0 45  0 46  0 47 
 0  0  0  0  0  0  0  0  0 
 0  0  0  0  0  0  0  0  0 
27  0 28  0 29  0 30  0 31 
 0 25  0  0  0  0  0 26  0 
 0  0  0  0  0  0  0  0  0 
23 21 19 17 16 18 20 22 24 

chess man:
16 17 18 19 20 21 22 23 24 25 26 27 28 29 30 31 32 33 34 35 36 37 38 39 40 41 42 43 44 45 46 47 
 1  1  1  1  1  1  1  1  1  1  1  1  1  1  1  1  1  1  1  1  1  1  1  1  1  1  1  1  1  1  1  1 
chessboard:
39 37 35 33 32 34 36 38 40 
 0  0  0  0  0  0  0  0  0 
 0 41  0  0  0  0  0 42  0 
43  0 44  0 45  0 46  0 47 
 0  0  0  0  0  0  0  0  0 
 0  0  0  0  0  0  0  0  0 
27  0 28  0 29  0 30  0 31 
 0 25  0  0  0  0  0 26  0 
 0  0  0  0  0  0  0  0  0 
23 21 19 17 16 18 20 22 24 

chess man:
16 17 18 19 20 21 22 23 24 25 26 27 28 29 30 31 32 33 34 35 36 37 38 39 40 41 42 43 44 45 46 47 
 1  1  1  1  1  1  1  1  1  1  1  1  1  1  1  1  1  1  1  1  1  1  1  1  1  1  1  1  1  1  1  1 
chessboard:
 0  0  0  0  0  0  0  0  0 
 0  0  0  0  0  0  0  0  0 
 0  0  0  0  0  0  0  0  0 
 0  0  0  0  0  0  0  0 23 
 0  0  0  0  0  0  0  0  0 
 0  0  0  0  0  0  0  0  0 
 0  0  0  0  0  0  0  0  0 
 0  0  0  0  0  0  0  0  0 
 0  0  0  0  0  0  0  0  0 
 0  0  0  0  0  0  0  0  0 

chess man:
16 17 18 19 20 21 22 23 24 25 26 27 28 29 30 31 32 33 34 35 36 37 38 39 40 41 42 43 44 45 46 47 
 0  0  0  0  0  0  0  1  0  0  0  0  0  0  0  0  0  0  0  0  0  0  0  0  0  0  0  0  0  0  0  0 
chessboard:
39 37 35 33 32 34 36 38 40 
 0  0  0  0  0  0  0  0  0 
 0 41  0  0  0  0  0 42  0 
43  0 44  0 45  0 46  0 47 
 0  0  0  0  0  0  0  0  0 
 0  0  0  0  0  0  0  0  0 
27  0 28  0 29  0 30  0 31 
 0 25  0  0  0  0  0 26  0 
 0  0  0  0  0  0  0  0  0 
23 21 19 17 16 18 20 22 24 

chess man:
16 17 18 19 20 21 22 23 24 25 26 27 28 29 30 31 32 33 34 35 36 37 38 39 40 41 42 43 44 45 46 47 
 1  1  1  1  1  1  1  1  1  1  1  1  1  1  1  1  1  1  1  1  1  1  1  1  1  1  1  1  1  1  1  1 
chessboard:
 0  0  0  0 32  0  0  0  0 
 0  0  0  0  0  0  0  0  0 
 0  0  0  0  0  0  0  0  0 
 0  0  0  0  0  0  0  0  0 
 0  0  0  0  0  0  0  0  0 
 0  0  0  0  0  0  0  0  0 
 0  0  0  0  0  0  0  0  0 
 0  0  0  0  0  0  0  0  0 
 0  0  0  0  0  0  0  0  0 
 0  0  0  0  0  0  0  0  0 

chess man:
16 17 18 19 20 21 22 23 24 25 26 27 28 29 30 31 32 33 34 35 36 37 38 39 40 41 42 43 44 45 46 47 
 0  0  0  0  0  0  0  0  0  0  0  0  0  0  0  0  1  0  0  0  0  0  0  0  0  0  0  0  0  0  0  0 
chessboard:
 0  0  0  0 32  0  0  0  0 
 0  0  0  0  0  0  0  0  0 
 0  0  0  0  0  0  0  0  0 
 0  0  0  0  0  0  0  0  0 
 0  0  0  0  0  0  0  0  0 
 0  0  0  0  0  0  0  0  0 
 0  0  0  0  0  0  0  0  0 
 0  0  0  0  0  0  0  0  0 
 0  0  0  0  0  0  0  0  0 
 0  0  0  0 16  0  0  0  0 

chess man:
16 17 18 19 20 21 22 23 24 25 26 27 28 29 30 31 32 33 34 35 36 37 38 39 40 41 42 43 44 45 46 47 
 1  0  0  0  0  0  0  0  0  0  0  0  0  0  0  0  1  0  0  0  0  0  0  0  0  0  0  0  0  0  0  0 
chessboard:
 0  0  0  0 32  0  0  0  0 
 0  0  0  0 33  0  0  0  0 
 0  0  0  0  0  0  0  0  0 
 0  0  0  0  0  0  0  0  0 
 0  0  0  0  0  0  0  0  0 
 0  0  0  0  0  0  0  0  0 
 0  0  0  0  0  0  0  0  0 
 0  0  0  0  0  0  0  0  0 
 0  0  0  0  0  0  0  0  0 
 0  0  0  0 16  0  0  0  0 

chess man:
16 17 18 19 20 21 22 23 24 25 26 27 28 29 30 31 32 33 34 35 36 37 38 39 40 41 42 43 44 45 46 47 
 1  0  0  0  0  0  0  0  0  0  0  0  0  0  0  0  1  1  0  0  0  0  0  0  0  0  0  0  0  0  0  0 
chessboard:
 0  0  0 34 32  0  0  0  0 
 0  0  0  0 33  0  0  0  0 
 0  0  0  0  0  0  0  0  0 
 0  0  0  0  0  0  0  0  0 
 0  0  0  0  0  0  0  0  0 
 0  0  0  0  0  0  0  0  0 
 0  0  0  0  0  0  0  0  0 
 0  0  0  0  0  0  0  0  0 
 0  0  0  0  0  0  0  0  0 
 0  0  0  0 16  0  0  0  0 

chess man:
16 17 18 19 20 21 22 23 24 25 26 27 28 29 30 31 32 33 34 35 36 37 38 39 40 41 42 43 44 45 46 47 
 1  0  0  0  0  0  0  0  0  0  0  0  0  0  0  0  1  1  1  0  0  0  0  0  0  0  0  0  0  0  0  0 
chessboard:
 0  0  0 34 32  0  0  0  0 
 0  0  0  0 33  0 27  0  0 
 0  0  0  0  0  0  0  0  0 
 0  0  0  0  0  0  0  0  0 
 0  0  0  0  0  0  0  0  0 
 0  0  0  0  0  0  0  0  0 
 0  0  0  0  0  0  0  0  0 
 0  0  0  0  0  0  0  0  0 
 0  0  0  0  0  0  0  0  0 
 0  0  0  0 16  0  0  0  0 

chess man:
16 17 18 19 20 21 22 23 24 25 26 27 28 29 30 31 32 33 34 35 36 37 38 39 40 41 42 43 44 45 46 47 
 1  0  0  0  0  0  0  0  0  0  0  1  0  0  0  0  1  1  1  0  0  0  0  0  0  0  0  0  0  0  0  0 
chessboard:
39 37 35 33 32 34 36 38 40 
 0  0  0  0  0  0  0  0  0 
 0 41  0  0  0  0  0 42  0 
43  0 44  0 45  0 46  0 47 
 0  0  0  0  0  0  0  0  0 
 0  0  0  0  0  0  0  0  0 
27  0 28  0 29  0 30  0 31 
 0 25  0  0  0  0  0 26  0 
 0  0  0  0  0  0  0  0  0 
23 21 19 17 16 18 20 22 24 

chess man:
16 17 18 19 20 21 22 23 24 25 26 27 28 29 30 31 32 33 34 35 36 37 38 39 40 41 42 43 44 45 46 47 
 1  1  1  1  1  1  1  1  1  1  1  1  1  1  1  1  1  1  1  1  1  1  1  1  1  1  1  1  1  1  1  1 
chessboard:
39 37 35 33 32 34 36 38 40 
 0  0  0  0  0  0  0  0  0 
 0 41  0  0  0  0  0 42  0 
43  0 44  0 45  0 46  0 47 
 0  0  0  0  0  0  0  0  0 
 0  0  0  0  0  0  0  0  0 
27  0 28  0 29  0 30  0 31 
 0 25  0  0  0  0  0 26  0 
 0  0  0  0  0  0  0  0  0 
23 21 19 17 16 18 20 22 24 

chess man:
16 17 18 19 20 21 22 23 24 25 26 27 28 29 30 31 32 33 34 35 36 37 38 39 40 41 42 43 44 45 46 47 
 1  1  1  1  1  1  1  1  1  1  1  1  1  1  1  1  1  1  1  1  1  1  1  1  1  1  1  1  1  1  1  1 
